L	0.0379	2.9843	1477010443000000	0.0000	2.7500	0.0000	1.0000
R	2.8525	1.5217	0.7031	1477010443400000	-0.0220	3.0991	-0.1097	0.9940
L	0.1368	3.6467	1477010443800000	-0.0938	3.4924	-0.2334	0.9724
R	3.8838	1.6146	0.7286	1477010444200000	-0.2143	3.8735	-0.3535	0.9354
L	-0.5125	4.3888	1477010444600000	-0.3817	4.2365	-0.4679	0.8838
R	4.3296	1.7286	1.4424	1477010445000000	-0.5932	4.5757	-0.5750	0.8181
L	-0.8363	4.7030	1477010445400000	-0.8456	4.8857	-0.6730	0.7396
R	5.1213	1.7836	0.6821	1477010445800000	-1.1348	5.1616	-0.7604	0.6494
L	-1.5267	5.4638	1477010446200000	-1.4564	5.3991	-0.8358	0.5490
R	5.7857	1.8573	0.9998	1477010446600000	-1.8051	5.5945	-0.8980	0.4399
L	-2.3577	5.7049	1477010447000000	-2.1756	5.7445	-0.9461	0.3239
R	6.2743	1.9955	0.3556	1477010447400000	-2.5620	5.8470	-0.9792	0.2028
L	-3.1807	6.0635	1477010447800000	-2.9582	5.9002	-0.9969	0.0785
R	6.7900	2.1087	0.0298	1477010448200000	-3.3579	5.9033	-0.9989	-0.0471
L	-3.7493	5.7175	1477010448600000	-3.7549	5.8563	-0.9851	-0.1719
R	7.0938	2.2266	0.0574	1477010449000000	-4.1429	5.7600	-0.9558	-0.2940
L	-4.4901	5.6675	1477010449400000	-4.5157	5.6157	-0.9114	-0.4115
R	6.9759	2.3191	0.2188	1477010449800000	-4.8675	5.4259	-0.8526	-0.5225
L	-5.3906	5.0951	1477010450200000	-5.1927	5.1935	-0.7804	-0.6252
R	7.5569	2.4523	-0.3656	1477010450600000	-5.4863	4.9222	-0.6959	-0.7181
L	-5.8179	4.5290	1477010451000000	-5.7435	4.6162	-0.6004	-0.7997
R	7.3299	2.5334	-0.5986	1477010451400000	-5.9603	4.2804	-0.4955	-0.8686
L	-6.2067	3.7872	1477010451800000	-6.1333	3.9200	-0.3827	-0.9239
R	7.2847	2.6682	-0.2494	1477010452200000	-6.2599	3.5408	-0.2639	-0.9646
L	-6.4161	3.1346	1477010452600000	-6.3378	3.1487	-0.1409	-0.9900
R	6.3904	2.6569	-0.4425	1477010453000000	-6.3661	2.7500	-0.0157	-0.9999
L	-6.1728	2.1490	1477010453400000	-6.3441	2.3509	0.1097	-0.9940
R	6.7707	2.8866	-0.3551	1477010453800000	-6.2723	1.9576	0.2334	-0.9724
L	-6.1437	1.4424	1477010454200000	-6.1518	1.5765	0.3535	-0.9355
R	5.8602	2.9109	-0.6114	1477010454600000	-5.9844	1.2135	0.4679	-0.8838
L	-5.7625	1.0163	1477010455000000	-5.7729	0.8743	0.5750	-0.8182
R	5.7444	3.0337	-0.8951	1477010455400000	-5.5205	0.5643	0.6730	-0.7396
L	-5.4581	0.4086	1477010455800000	-5.2312	0.2884	0.7604	-0.6495
R	4.5017	3.1160	-0.5770	1477010456200000	-4.9097	0.0509	0.8358	-0.5490
L	-4.5093	-0.1835	1477010456600000	-4.5609	-0.1444	0.8980	-0.4400
R	4.1770	-3.0376	-0.7545	1477010457000000	-4.1904	-0.2945	0.9461	-0.3239
L	-3.7381	-0.4948	1477010457400000	-3.8040	-0.3970	0.9792	-0.2028
R	3.8019	-2.9690	-0.6741	1477010457800000	-3.4079	-0.4502	0.9969	-0.0785
L	-3.1217	-0.3985	1477010458200000	-3.0081	-0.4533	0.9989	0.0471
R	2.0336	-3.0011	-0.9703	1477010458600000	-2.6112	-0.4063	0.9851	0.1719
L	-2.4095	-0.6457	1477010459000000	-2.2232	-0.3100	0.9558	0.2940
R	1.6790	-3.0611	-0.8551	1477010459400000	-1.8504	-0.1657	0.9114	0.4115
L	-1.3910	-0.1713	1477010459800000	-1.4986	0.0241	0.8527	0.5225
R	0.6826	2.9549	-0.8178	1477010460200000	-1.1734	0.2565	0.7804	0.6252
L	-0.9122	0.8071	1477010460600000	-0.8798	0.5278	0.6959	0.7181
R	1.1835	2.2190	0.2097	1477010461000000	-0.6226	0.8338	0.6004	0.7997
L	-0.4006	1.1541	1477010461400000	-0.4058	1.1697	0.4955	0.8686
R	1.5873	1.6803	1.1843	1477010461800000	-0.2327	1.5300	0.3827	0.9239
L	-0.0470	1.8463	1477010462200000	-0.1062	1.9092	0.2639	0.9645
R	1.8499	1.5779	1.1173	1477010462600000	-0.0282	2.3013	0.1409	0.9900
L	-0.1036	2.8800	1477010463000000	0.0000	2.7000	0.0157	0.9999
R	2.7532	1.5856	0.7132	1477010463400000	0.0110	3.0997	0.0785	0.9969
L	0.0448	3.5777	1477010463800000	0.0704	3.4949	0.2028	0.9792
R	3.8211	1.5460	0.8570	1477010464200000	0.1789	3.8797	0.3240	0.9461
L	0.3464	4.0417	1477010464600000	0.3348	4.2478	0.4400	0.8980
R	4.4263	1.4454	0.6684	1477010465000000	0.5356	4.5934	0.5491	0.8358
L	0.6036	4.8636	1477010465400000	0.7781	4.9112	0.6495	0.7604
R	4.7194	1.4332	1.0153	1477010465800000	1.0585	5.1961	0.7397	0.6730
L	1.2620	5.4314	1477010466200000	1.3724	5.4436	0.8182	0.5750
R	5.8343	1.2334	1.2783	1477010466600000	1.7149	5.6497	0.8838	0.4679
L	2.1168	5.8844	1477010467000000	2.0805	5.8114	0.9355	0.3534
R	7.0196	1.1881	0.2008	1477010467400000	2.4635	5.9259	0.9724	0.2334
L	2.9420	5.9607	1477010467800000	2.8578	5.9915	0.9940	0.1097
R	6.5374	1.0587	0.3320	1477010468200000	3.2572	6.0072	0.9999	-0.0157
L	4.0577	5.8730	1477010468600000	3.6555	5.9727	0.9900	-0.1409
R	6.7900	1.0228	0.6365	1477010469000000	4.0463	5.8886	0.9646	-0.2639
L	4.4462	5.7851	1477010469400000	4.4234	5.7562	0.9239	-0.3827
R	7.2407	0.8569	-0.0578	1477010469800000	4.7810	5.5775	0.8686	-0.4955
L	5.5122	5.4850	1477010470200000	5.1134	5.3554	0.7997	-0.6004
R	7.9562	0.7797	0.2289	1477010470600000	5.4153	5.0934	0.7181	-0.6959
L	5.5886	4.7199	1477010471000000	5.6820	4.7956	0.6252	-0.7804
R	7.8826	0.6898	-0.6360	1477010471400000	5.9093	4.4668	0.5225	-0.8527
L	6.2099	4.0538	1477010471800000	6.0936	4.1121	0.4115	-0.9114
R	7.4960	0.5142	-0.4988	1477010472200000	6.2319	3.7370	0.2940	-0.9558
L	6.5371	3.2393	1477010472600000	6.3222	3.3476	0.1719	-0.9851
R	6.9379	0.4932	-0.3931	1477010473000000	6.3629	2.9500	0.0471	-0.9989
L	6.2226	2.7369	1477010473400000	6.3535	2.5503	-0.0785	-0.9969
R	6.8624	0.3282	-0.5356	1477010473800000	6.2941	2.1550	-0.2028	-0.9792
L	6.3442	1.6643	1477010474200000	6.1856	1.7703	-0.3239	-0.9461
R	6.0094	0.1852	-0.4744	1477010474600000	6.0297	1.4022	-0.4400	-0.8980
L	5.7775	1.2996	1477010475000000	5.8289	1.0565	-0.5490	-0.8358
R	6.0543	0.1736	-0.7921	1477010475400000	5.5864	0.7388	-0.6495	-0.7604
L	5.5408	0.3884	1477010475800000	5.3060	0.4539	-0.7396	-0.6730
R	4.9542	0.0223	-0.7811	1477010476200000	4.9920	0.2064	-0.8182	-0.5750
L	4.5370	0.0550	1477010476600000	4.6496	0.0002	-0.8838	-0.4679
R	3.8049	-0.0208	-0.4602	1477010477000000	4.2840	-0.1614	-0.9354	-0.3535
L	3.9034	-0.2373	1477010477400000	3.9010	-0.2759	-0.9724	-0.2334
R	3.7166	-0.1382	-1.2269	1477010477800000	3.5067	-0.3416	-0.9940	-0.1097
L	2.8719	-0.3768	1477010478200000	3.1072	-0.3573	-0.9999	0.0157
R	2.8202	-0.1353	-1.2697	1477010478600000	2.7090	-0.3228	-0.9900	0.1409
L	2.3253	0.0636	1477010479000000	2.3182	-0.2386	-0.9646	0.2639
R	2.0939	-0.0488	-1.1654	1477010479400000	1.9410	-0.1062	-0.9239	0.3827
L	1.5549	-0.0588	1477010479800000	1.5835	0.0725	-0.8686	0.4955
R	1.1548	0.2545	-0.3458	1477010480200000	1.2511	0.2946	-0.7997	0.6004
L	0.9521	0.5137	1477010480600000	0.9492	0.5566	-0.7181	0.6959
R	0.7231	0.8499	0.1267	1477010481000000	0.6825	0.8543	-0.6252	0.7804
L	0.5775	1.1700	1477010481400000	0.4552	1.1832	-0.5225	0.8526
R	1.4045	1.4099	1.2196	1477010481800000	0.2709	1.5379	-0.4115	0.9114
L	0.2040	1.8659	1477010482200000	0.1326	1.9129	-0.2940	0.9558
R	2.1197	1.5684	1.3474	1477010482600000	0.0423	2.3024	-0.1719	0.9851
L	0.0642	2.8027	1477010483000000	0.0016	2.7000	-0.0471	0.9989
